['l_shoulder_z', 'l_shoulder_y', 'l_arm_x', 'l_elbow_y', 'l_wrist_z', 'l_wrist_x', 'l_thumb_z', 'l_thumb_x', 'l_indexfinger_x', 'l_middlefingers_x', 'r_shoulder_z', 'r_shoulder_y', 'r_arm_x', 'r_elbow_y', 'r_wrist_z', 'r_wrist_x', 'r_thumb_z', 'r_thumb_x', 'r_indexfinger_x', 'r_middlefingers_x']
[-24.0, 14.0, 0.0, 104.0, -7.0, -54.0, -63.0, -180.0, -179.0, -180.0, 9.0, 71.0, 57.0, 113.0, 30.0, 41.0, -3.0, 34.0, -179.0, 35.0]
[-24.0, 14.0, 0.0, 104.0, -7.0, -54.0, -63.0, -180.0, -179.0, -180.0, 9.0, 71.0, 57.0, 113.0, 30.0, 41.0, -3.0, 34.0, -179.0, 35.0]
[-24.0, 14.0, 0.0, 104.0, -7.0, -54.0, -63.0, -180.0, -179.0, -180.0, 9.0, 71.0, 57.0, 113.0, 30.0, 45.0, -3.0, 34.0, -179.0, 35.0]
[-24.0, 14.0, 0.0, 104.0, -7.0, -54.0, -63.0, -180.0, -179.0, -180.0, 9.0, 70.0, 57.0, 113.0, 30.0, 48.0, -3.0, 34.0, -179.0, 35.0]
[-24.0, 14.0, 0.0, 104.0, -7.0, -54.0, -63.0, -180.0, -179.0, -180.0, 9.0, 69.0, 57.0, 113.0, 30.0, 55.0, -3.0, 34.0, -179.0, 35.0]
[-24.0, 14.0, 0.0, 104.0, -7.0, -55.0, -60.0, -180.0, -179.0, -180.0, 10.0, 69.0, 56.0, 114.0, 23.0, 65.0, -9.0, 33.0, -180.0, 34.0]
[-24.0, 14.0, 0.0, 104.0, -7.0, -54.0, -60.0, -180.0, -179.0, -180.0, 10.0, 69.0, 56.0, 114.0, 24.0, 65.0, -9.0, 33.0, -180.0, 34.0]
[-24.0, 14.0, 0.0, 104.0, -7.0, -54.0, -60.0, -180.0, -179.0, -180.0, 10.0, 67.0, 56.0, 114.0, 24.0, 76.0, -9.0, 33.0, -180.0, 34.0]
[-24.0, 14.0, 0.0, 104.0, -7.0, -54.0, -60.0, -180.0, -179.0, -180.0, 10.0, 67.0, 56.0, 114.0, 24.0, 88.0, -9.0, 33.0, -180.0, 34.0]
[-24.0, 14.0, 0.0, 104.0, -7.0, -54.0, -60.0, -180.0, -179.0, -180.0, 10.0, 67.0, 56.0, 114.0, 24.0, 88.0, -9.0, 33.0, -180.0, 34.0]
[-24.0, 14.0, 0.0, 104.0, -7.0, -55.0, -60.0, -180.0, -179.0, -180.0, 10.0, 67.0, 56.0, 114.0, 24.0, 99.0, -9.0, 33.0, -180.0, 34.0]
[-24.0, 14.0, 0.0, 104.0, -7.0, -55.0, -60.0, -180.0, -179.0, -180.0, 10.0, 67.0, 56.0, 114.0, 24.0, 105.0, -9.0, 33.0, -180.0, 34.0]
[-24.0, 14.0, 0.0, 104.0, -7.0, -55.0, -60.0, -180.0, -179.0, -180.0, 10.0, 67.0, 56.0, 114.0, 24.0, 115.0, -9.0, 33.0, -180.0, 34.0]
[-24.0, 14.0, 0.0, 104.0, -7.0, -55.0, -60.0, -180.0, -179.0, -180.0, 10.0, 67.0, 56.0, 114.0, 24.0, 115.0, -9.0, 33.0, -180.0, 34.0]
[-24.0, 14.0, 0.0, 104.0, -7.0, -55.0, -60.0, -180.0, -179.0, -180.0, 10.0, 67.0, 56.0, 114.0, 24.0, 115.0, -9.0, 33.0, -180.0, 34.0]
[-24.0, 14.0, 0.0, 104.0, -7.0, -55.0, -60.0, -180.0, -179.0, -180.0, 10.0, 67.0, 56.0, 114.0, 23.0, 118.0, -9.0, 33.0, -180.0, 34.0]
[-24.0, 14.0, 0.0, 104.0, -7.0, -55.0, -60.0, -180.0, -179.0, -180.0, 10.0, 67.0, 56.0, 114.0, 23.0, 122.0, -9.0, 33.0, -180.0, 34.0]
[-24.0, 14.0, 0.0, 104.0, -7.0, -55.0, -60.0, -180.0, -179.0, -180.0, 10.0, 67.0, 56.0, 114.0, 23.0, 125.0, -9.0, 33.0, -180.0, 34.0]
[-24.0, 14.0, 0.0, 104.0, -7.0, -54.0, -60.0, -180.0, -179.0, -180.0, 10.0, 67.0, 56.0, 114.0, 23.0, 130.0, -9.0, 33.0, -180.0, 34.0]
[-24.0, 14.0, 0.0, 104.0, -7.0, -55.0, -60.0, -180.0, -179.0, -180.0, 10.0, 67.0, 56.0, 114.0, 24.0, 138.0, -9.0, 33.0, -180.0, 34.0]
[-24.0, 14.0, 0.0, 104.0, -7.0, -55.0, -60.0, -180.0, -179.0, -180.0, 10.0, 67.0, 56.0, 114.0, 24.0, 140.0, -9.0, 33.0, -180.0, 34.0]
[-24.0, 14.0, 0.0, 104.0, -7.0, -55.0, -60.0, -180.0, -179.0, -180.0, 10.0, 67.0, 56.0, 114.0, 24.0, 142.0, -9.0, 33.0, -180.0, 34.0]
[-24.0, 14.0, 0.0, 104.0, -7.0, -55.0, -60.0, -180.0, -179.0, -180.0, 10.0, 67.0, 56.0, 114.0, 25.0, 145.0, -9.0, 33.0, -180.0, 34.0]
[-24.0, 14.0, 0.0, 104.0, -7.0, -55.0, -60.0, -180.0, -179.0, -180.0, 10.0, 67.0, 56.0, 114.0, 25.0, 148.0, -9.0, 33.0, -180.0, 34.0]
[-24.0, 14.0, 0.0, 104.0, -7.0, -55.0, -60.0, -180.0, -179.0, -180.0, 10.0, 67.0, 56.0, 114.0, 25.0, 148.0, -9.0, 33.0, -180.0, 34.0]
[-24.0, 14.0, 0.0, 104.0, -7.0, -55.0, -60.0, -180.0, -179.0, -180.0, 10.0, 67.0, 56.0, 113.0, 28.0, 150.0, -9.0, 32.0, -180.0, 33.0]
[-24.0, 14.0, 0.0, 104.0, -7.0, -54.0, -60.0, -180.0, -179.0, -180.0, 10.0, 67.0, 56.0, 113.0, 28.0, 155.0, -9.0, 32.0, -180.0, 33.0]
[-24.0, 14.0, 0.0, 104.0, -7.0, -54.0, -60.0, -180.0, -179.0, -180.0, 10.0, 67.0, 56.0, 113.0, 28.0, 158.0, -9.0, 32.0, -180.0, 33.0]
[-24.0, 14.0, 0.0, 104.0, -7.0, -55.0, -60.0, -180.0, -179.0, -180.0, 11.0, 67.0, 56.0, 113.0, 29.0, 164.0, -9.0, 32.0, -180.0, 33.0]
[-24.0, 14.0, 0.0, 104.0, -7.0, -55.0, -60.0, -180.0, -179.0, -180.0, 11.0, 66.0, 56.0, 113.0, 29.0, 168.0, -9.0, 32.0, -180.0, 33.0]
[-24.0, 14.0, 0.0, 104.0, -7.0, -55.0, -60.0, -180.0, -179.0, -180.0, 11.0, 66.0, 56.0, 113.0, 29.0, 172.0, -9.0, 32.0, -180.0, 33.0]
[-24.0, 14.0, 0.0, 104.0, -7.0, -55.0, -60.0, -180.0, -179.0, -180.0, 11.0, 66.0, 56.0, 113.0, 29.0, 172.0, -9.0, 32.0, -180.0, 33.0]
[-24.0, 14.0, 0.0, 104.0, -7.0, -55.0, -60.0, -180.0, -179.0, -180.0, 11.0, 65.0, 56.0, 113.0, 30.0, 172.0, -9.0, 33.0, -180.0, 33.0]
[-24.0, 14.0, 0.0, 104.0, -7.0, -55.0, -60.0, -180.0, -179.0, -180.0, 11.0, 65.0, 56.0, 113.0, 30.0, 172.0, -9.0, 33.0, -180.0, 33.0]
[-24.0, 14.0, 0.0, 104.0, -7.0, -55.0, -60.0, -180.0, -179.0, -180.0, 11.0, 65.0, 56.0, 113.0, 30.0, 172.0, -9.0, 33.0, -180.0, 33.0]
[-24.0, 14.0, 0.0, 104.0, -7.0, -54.0, -60.0, -180.0, -179.0, -180.0, 11.0, 64.0, 56.0, 113.0, 31.0, 172.0, -9.0, 32.0, -180.0, 33.0]
[-24.0, 14.0, 0.0, 104.0, -7.0, -54.0, -60.0, -180.0, -179.0, -180.0, 11.0, 64.0, 56.0, 113.0, 31.0, 172.0, -9.0, 32.0, -180.0, 33.0]
[-24.0, 14.0, 0.0, 104.0, -7.0, -55.0, -60.0, -180.0, -179.0, -180.0, 12.0, 61.0, 56.0, 113.0, 30.0, 172.0, -9.0, 32.0, -180.0, 33.0]
[-24.0, 14.0, 0.0, 104.0, -7.0, -55.0, -60.0, -180.0, -179.0, -180.0, 12.0, 61.0, 56.0, 113.0, 30.0, 172.0, -9.0, 32.0, -180.0, 33.0]
[-24.0, 14.0, 0.0, 104.0, -7.0, -54.0, -60.0, -180.0, -179.0, -180.0, 12.0, 60.0, 56.0, 113.0, 30.0, 172.0, -9.0, 33.0, -180.0, 33.0]
[-24.0, 14.0, 0.0, 104.0, -7.0, -54.0, -60.0, -180.0, -179.0, -180.0, 12.0, 60.0, 56.0, 113.0, 30.0, 172.0, -9.0, 33.0, -180.0, 33.0]
[-24.0, 14.0, 0.0, 104.0, -7.0, -55.0, -60.0, -180.0, -179.0, -180.0, 13.0, 58.0, 56.0, 112.0, 31.0, 172.0, -9.0, 32.0, -180.0, 33.0]
[-24.0, 14.0, 0.0, 104.0, -7.0, -55.0, -60.0, -180.0, -179.0, -180.0, 13.0, 58.0, 56.0, 112.0, 31.0, 172.0, -9.0, 32.0, -180.0, 33.0]
[-24.0, 14.0, 0.0, 104.0, -7.0, -54.0, -60.0, -180.0, -179.0, -180.0, 15.0, 56.0, 56.0, 112.0, 32.0, 172.0, -9.0, 32.0, -180.0, 33.0]
[-24.0, 14.0, 0.0, 104.0, -7.0, -54.0, -60.0, -180.0, -179.0, -180.0, 15.0, 56.0, 56.0, 112.0, 32.0, 172.0, -9.0, 32.0, -180.0, 33.0]
[-24.0, 14.0, 0.0, 104.0, -7.0, -55.0, -60.0, -180.0, -179.0, -180.0, 16.0, 55.0, 56.0, 112.0, 33.0, 172.0, -9.0, 32.0, -180.0, 33.0]
[-24.0, 14.0, 0.0, 104.0, -7.0, -55.0, -60.0, -180.0, -179.0, -180.0, 17.0, 53.0, 56.0, 112.0, 34.0, 172.0, -8.0, 33.0, -180.0, 33.0]
[-24.0, 14.0, 0.0, 104.0, -7.0, -55.0, -60.0, -180.0, -179.0, -180.0, 17.0, 53.0, 56.0, 112.0, 34.0, 172.0, -8.0, 33.0, -180.0, 33.0]
[-24.0, 14.0, 0.0, 104.0, -7.0, -55.0, -60.0, -180.0, -179.0, -180.0, 18.0, 52.0, 56.0, 112.0, 37.0, 172.0, -9.0, 32.0, -180.0, 33.0]
[-24.0, 14.0, 0.0, 104.0, -7.0, -54.0, -60.0, -180.0, -179.0, -180.0, 19.0, 51.0, 56.0, 111.0, 40.0, 172.0, -9.0, 32.0, -180.0, 33.0]
[-24.0, 14.0, 0.0, 104.0, -7.0, -54.0, -60.0, -180.0, -179.0, -180.0, 19.0, 51.0, 56.0, 111.0, 40.0, 172.0, -9.0, 32.0, -180.0, 33.0]
[-24.0, 14.0, 0.0, 104.0, -7.0, -55.0, -60.0, -180.0, -179.0, -180.0, 20.0, 49.0, 56.0, 111.0, 42.0, 172.0, -9.0, 32.0, -180.0, 33.0]
[-24.0, 14.0, 0.0, 104.0, -7.0, -55.0, -60.0, -180.0, -179.0, -180.0, 21.0, 47.0, 56.0, 110.0, 42.0, 172.0, -9.0, 32.0, -180.0, 33.0]
[-24.0, 14.0, 0.0, 104.0, -7.0, -55.0, -60.0, -180.0, -179.0, -180.0, 21.0, 47.0, 56.0, 110.0, 42.0, 172.0, -9.0, 32.0, -180.0, 33.0]
[-24.0, 14.0, 0.0, 104.0, -7.0, -54.0, -60.0, -180.0, -179.0, -180.0, 21.0, 45.0, 56.0, 109.0, 43.0, 172.0, -9.0, 32.0, -180.0, 33.0]
[-24.0, 14.0, 0.0, 104.0, -7.0, -55.0, -60.0, -180.0, -179.0, -180.0, 23.0, 42.0, 56.0, 109.0, 43.0, 172.0, -9.0, 32.0, -180.0, 32.0]
[-24.0, 14.0, 0.0, 104.0, -7.0, -55.0, -60.0, -180.0, -179.0, -180.0, 23.0, 42.0, 56.0, 109.0, 43.0, 172.0, -9.0, 32.0, -180.0, 32.0]
[-24.0, 14.0, 0.0, 104.0, -7.0, -54.0, -60.0, -180.0, -179.0, -180.0, 23.0, 41.0, 56.0, 109.0, 45.0, 172.0, -9.0, 32.0, -180.0, 32.0]
[-24.0, 14.0, 0.0, 104.0, -7.0, -54.0, -60.0, -180.0, -179.0, -180.0, 24.0, 40.0, 56.0, 109.0, 48.0, 173.0, -9.0, 32.0, -180.0, 32.0]
[-24.0, 14.0, 0.0, 104.0, -7.0, -54.0, -60.0, -180.0, -179.0, -180.0, 24.0, 40.0, 56.0, 109.0, 48.0, 173.0, -9.0, 32.0, -180.0, 32.0]
[-24.0, 14.0, 0.0, 104.0, -7.0, -54.0, -60.0, -180.0, -179.0, -180.0, 26.0, 38.0, 56.0, 109.0, 49.0, 173.0, -9.0, 32.0, -180.0, 32.0]
[-24.0, 14.0, 0.0, 104.0, -7.0, -54.0, -60.0, -180.0, -179.0, -180.0, 27.0, 37.0, 56.0, 109.0, 50.0, 173.0, -9.0, 32.0, -180.0, 32.0]
[-24.0, 14.0, 0.0, 104.0, -7.0, -54.0, -60.0, -180.0, -179.0, -180.0, 27.0, 37.0, 56.0, 109.0, 50.0, 173.0, -9.0, 32.0, -180.0, 32.0]
[-24.0, 14.0, 0.0, 104.0, -7.0, -55.0, -60.0, -180.0, -179.0, -180.0, 28.0, 35.0, 56.0, 110.0, 53.0, 173.0, -9.0, 32.0, -180.0, 32.0]
[-24.0, 14.0, 0.0, 104.0, -7.0, -55.0, -60.0, -180.0, -179.0, -180.0, 29.0, 34.0, 56.0, 110.0, 54.0, 173.0, -9.0, 32.0, -180.0, 32.0]
[-24.0, 14.0, 0.0, 104.0, -7.0, -55.0, -60.0, -180.0, -179.0, -180.0, 29.0, 34.0, 56.0, 110.0, 54.0, 173.0, -9.0, 32.0, -180.0, 32.0]
[-24.0, 14.0, 0.0, 104.0, -7.0, -55.0, -60.0, -180.0, -179.0, -180.0, 30.0, 33.0, 56.0, 110.0, 56.0, 173.0, -9.0, 32.0, -180.0, 32.0]
[-24.0, 14.0, 0.0, 104.0, -7.0, -54.0, -60.0, -180.0, -179.0, -180.0, 31.0, 31.0, 56.0, 110.0, 57.0, 174.0, -9.0, 32.0, -180.0, 32.0]
[-24.0, 14.0, 0.0, 104.0, -7.0, -54.0, -60.0, -180.0, -179.0, -180.0, 31.0, 31.0, 56.0, 110.0, 57.0, 174.0, -9.0, 32.0, -180.0, 32.0]
[-24.0, 14.0, 0.0, 104.0, -7.0, -54.0, -60.0, -180.0, -179.0, -180.0, 32.0, 30.0, 56.0, 110.0, 59.0, 174.0, -9.0, 32.0, -180.0, 32.0]
[-24.0, 14.0, 0.0, 104.0, -7.0, -54.0, -60.0, -180.0, -179.0, -180.0, 32.0, 30.0, 56.0, 110.0, 59.0, 174.0, -9.0, 32.0, -180.0, 32.0]
[-24.0, 14.0, 0.0, 104.0, -7.0, -55.0, -60.0, -180.0, -179.0, -180.0, 32.0, 28.0, 56.0, 110.0, 62.0, 174.0, -9.0, 32.0, -180.0, 32.0]
[-24.0, 14.0, 0.0, 104.0, -7.0, -55.0, -60.0, -180.0, -179.0, -180.0, 32.0, 28.0, 56.0, 110.0, 62.0, 174.0, -9.0, 32.0, -180.0, 32.0]
[-24.0, 14.0, 0.0, 104.0, -7.0, -55.0, -60.0, -180.0, -179.0, -180.0, 33.0, 27.0, 56.0, 111.0, 64.0, 174.0, -9.0, 32.0, -180.0, 32.0]
[-24.0, 14.0, 0.0, 104.0, -7.0, -55.0, -60.0, -180.0, -179.0, -180.0, 33.0, 27.0, 56.0, 111.0, 64.0, 174.0, -9.0, 32.0, -180.0, 32.0]
[-24.0, 14.0, 0.0, 104.0, -7.0, -55.0, -60.0, -180.0, -179.0, -180.0, 35.0, 26.0, 56.0, 113.0, 67.0, 174.0, -9.0, 32.0, -180.0, 32.0]
[-24.0, 14.0, 0.0, 104.0, -7.0, -55.0, -60.0, -180.0, -179.0, -180.0, 35.0, 26.0, 56.0, 113.0, 67.0, 174.0, -9.0, 32.0, -180.0, 32.0]
[-24.0, 14.0, 0.0, 104.0, -7.0, -55.0, -60.0, -180.0, -179.0, -180.0, 35.0, 26.0, 56.0, 115.0, 68.0, 174.0, -9.0, 32.0, -180.0, 32.0]
[-24.0, 14.0, 0.0, 104.0, -7.0, -55.0, -60.0, -180.0, -179.0, -180.0, 35.0, 26.0, 56.0, 115.0, 68.0, 174.0, -9.0, 32.0, -180.0, 32.0]
[-24.0, 14.0, 0.0, 104.0, -7.0, -55.0, -60.0, -180.0, -179.0, -180.0, 36.0, 26.0, 56.0, 117.0, 69.0, 174.0, -9.0, 32.0, -180.0, 32.0]
[-24.0, 14.0, 0.0, 104.0, -7.0, -55.0, -60.0, -180.0, -179.0, -180.0, 36.0, 26.0, 56.0, 117.0, 69.0, 174.0, -9.0, 32.0, -180.0, 32.0]
[-24.0, 14.0, 0.0, 104.0, -7.0, -55.0, -60.0, -180.0, -179.0, -180.0, 37.0, 26.0, 56.0, 120.0, 69.0, 174.0, -9.0, 32.0, -180.0, 32.0]
[-24.0, 14.0, 0.0, 104.0, -7.0, -55.0, -60.0, -180.0, -179.0, -180.0, 37.0, 26.0, 56.0, 120.0, 69.0, 174.0, -9.0, 32.0, -180.0, 32.0]
[-24.0, 14.0, 0.0, 104.0, -7.0, -54.0, -60.0, -180.0, -179.0, -180.0, 38.0, 26.0, 56.0, 121.0, 69.0, 174.0, -9.0, 32.0, -180.0, 32.0]
[-24.0, 14.0, 0.0, 104.0, -7.0, -54.0, -60.0, -180.0, -179.0, -180.0, 38.0, 26.0, 56.0, 121.0, 69.0, 174.0, -9.0, 32.0, -180.0, 32.0]
[-24.0, 14.0, 0.0, 104.0, -7.0, -54.0, -60.0, -180.0, -179.0, -180.0, 38.0, 26.0, 56.0, 121.0, 69.0, 174.0, -9.0, 32.0, -180.0, 32.0]
[-24.0, 14.0, 0.0, 104.0, -7.0, -55.0, -60.0, -180.0, -179.0, -180.0, 39.0, 26.0, 56.0, 121.0, 69.0, 174.0, -9.0, 32.0, -180.0, 32.0]
[-24.0, 14.0, 0.0, 104.0, -7.0, -55.0, -60.0, -180.0, -179.0, -180.0, 39.0, 26.0, 56.0, 122.0, 70.0, 174.0, -9.0, 32.0, -180.0, 32.0]
[-24.0, 14.0, 0.0, 104.0, -7.0, -55.0, -60.0, -180.0, -179.0, -180.0, 39.0, 26.0, 56.0, 122.0, 70.0, 174.0, -9.0, 32.0, -180.0, 32.0]
[-24.0, 14.0, 0.0, 104.0, -7.0, -55.0, -60.0, -180.0, -179.0, -180.0, 40.0, 26.0, 56.0, 123.0, 70.0, 174.0, -9.0, 32.0, -180.0, 32.0]
[-24.0, 14.0, 0.0, 104.0, -7.0, -54.0, -60.0, -180.0, -179.0, -180.0, 40.0, 26.0, 56.0, 124.0, 70.0, 174.0, -9.0, 32.0, -180.0, 32.0]
[-24.0, 14.0, 0.0, 104.0, -7.0, -54.0, -60.0, -180.0, -179.0, -180.0, 40.0, 26.0, 56.0, 124.0, 70.0, 174.0, -9.0, 32.0, -180.0, 32.0]
[-24.0, 14.0, 0.0, 104.0, -7.0, -55.0, -60.0, -180.0, -179.0, -180.0, 41.0, 26.0, 56.0, 124.0, 70.0, 174.0, -9.0, 32.0, -180.0, 32.0]
[-24.0, 14.0, 0.0, 104.0, -7.0, -55.0, -60.0, -180.0, -179.0, -180.0, 41.0, 26.0, 56.0, 125.0, 70.0, 174.0, -9.0, 32.0, -180.0, 32.0]
[-24.0, 14.0, 0.0, 104.0, -7.0, -55.0, -60.0, -180.0, -179.0, -180.0, 41.0, 26.0, 56.0, 125.0, 70.0, 174.0, -9.0, 32.0, -180.0, 32.0]
[-24.0, 14.0, 0.0, 104.0, -7.0, -54.0, -60.0, -180.0, -179.0, -180.0, 41.0, 26.0, 56.0, 126.0, 70.0, 174.0, -9.0, 32.0, -180.0, 32.0]
[-24.0, 14.0, 0.0, 104.0, -7.0, -55.0, -60.0, -180.0, -179.0, -180.0, 41.0, 26.0, 56.0, 126.0, 70.0, 174.0, -9.0, 32.0, -180.0, 32.0]
[-24.0, 14.0, 0.0, 104.0, -7.0, -55.0, -60.0, -180.0, -179.0, -180.0, 41.0, 26.0, 56.0, 126.0, 70.0, 174.0, -9.0, 32.0, -180.0, 32.0]
[-24.0, 14.0, 0.0, 104.0, -7.0, -55.0, -60.0, -180.0, -179.0, -180.0, 41.0, 26.0, 56.0, 126.0, 70.0, 174.0, -9.0, 32.0, -180.0, 32.0]
[-24.0, 14.0, 0.0, 104.0, -7.0, -55.0, -60.0, -180.0, -179.0, -180.0, 41.0, 26.0, 56.0, 126.0, 70.0, 174.0, -9.0, 32.0, -180.0, 32.0]
[-24.0, 14.0, 0.0, 104.0, -7.0, -55.0, -60.0, -180.0, -179.0, -180.0, 41.0, 26.0, 56.0, 126.0, 70.0, 174.0, -9.0, 32.0, -180.0, 32.0]
[-24.0, 14.0, 0.0, 104.0, -7.0, -55.0, -60.0, -180.0, -179.0, -180.0, 41.0, 26.0, 56.0, 126.0, 70.0, 174.0, -9.0, 32.0, -180.0, 32.0]
[-24.0, 14.0, 0.0, 104.0, -7.0, -55.0, -60.0, -180.0, -179.0, -180.0, 41.0, 26.0, 56.0, 126.0, 69.0, 174.0, -9.0, 32.0, -180.0, 32.0]
[-24.0, 14.0, 0.0, 104.0, -7.0, -55.0, -60.0, -180.0, -179.0, -180.0, 41.0, 26.0, 56.0, 126.0, 69.0, 174.0, -9.0, 32.0, -180.0, 32.0]
[-24.0, 14.0, 0.0, 104.0, -7.0, -55.0, -60.0, -180.0, -179.0, -180.0, 41.0, 26.0, 56.0, 126.0, 70.0, 174.0, -9.0, 32.0, -180.0, 32.0]
[-24.0, 14.0, 0.0, 104.0, -7.0, -55.0, -60.0, -180.0, -179.0, -180.0, 41.0, 26.0, 56.0, 126.0, 70.0, 174.0, -9.0, 32.0, -180.0, 32.0]
[-24.0, 14.0, 0.0, 104.0, -7.0, -54.0, -60.0, -180.0, -179.0, -180.0, 41.0, 26.0, 56.0, 126.0, 69.0, 174.0, -9.0, 32.0, -180.0, 32.0]
[-24.0, 14.0, 0.0, 104.0, -7.0, -55.0, -60.0, -180.0, -179.0, -180.0, 41.0, 26.0, 56.0, 126.0, 69.0, 174.0, -9.0, 32.0, -180.0, 32.0]
[-24.0, 14.0, 0.0, 104.0, -7.0, -55.0, -60.0, -180.0, -179.0, -180.0, 41.0, 26.0, 56.0, 126.0, 69.0, 174.0, -9.0, 32.0, -180.0, 32.0]
[-24.0, 14.0, 0.0, 104.0, -7.0, -54.0, -60.0, -180.0, -179.0, -180.0, 41.0, 26.0, 56.0, 126.0, 69.0, 174.0, -9.0, 32.0, -180.0, 32.0]
[-24.0, 14.0, 0.0, 104.0, -7.0, -54.0, -60.0, -180.0, -179.0, -180.0, 41.0, 26.0, 56.0, 126.0, 69.0, 174.0, -9.0, 32.0, -180.0, 32.0]
[-24.0, 14.0, 0.0, 104.0, -7.0, -54.0, -60.0, -180.0, -179.0, -180.0, 41.0, 26.0, 56.0, 126.0, 70.0, 174.0, -9.0, 32.0, -180.0, 32.0]
[-24.0, 14.0, 0.0, 104.0, -7.0, -54.0, -60.0, -180.0, -179.0, -180.0, 41.0, 26.0, 56.0, 126.0, 70.0, 174.0, -9.0, 32.0, -180.0, 32.0]
[-24.0, 14.0, 0.0, 104.0, -7.0, -55.0, -60.0, -180.0, -179.0, -180.0, 41.0, 25.0, 56.0, 126.0, 70.0, 174.0, -9.0, 32.0, -180.0, 32.0]
[-24.0, 14.0, 0.0, 104.0, -7.0, -55.0, -60.0, -180.0, -179.0, -180.0, 41.0, 25.0, 56.0, 126.0, 70.0, 174.0, -9.0, 32.0, -180.0, 32.0]
[-24.0, 14.0, 0.0, 104.0, -7.0, -55.0, -60.0, -180.0, -179.0, -180.0, 41.0, 26.0, 56.0, 126.0, 69.0, 174.0, -9.0, 32.0, -180.0, 32.0]
[-24.0, 14.0, 0.0, 104.0, -7.0, -55.0, -60.0, -180.0, -179.0, -180.0, 41.0, 26.0, 56.0, 126.0, 69.0, 174.0, -9.0, 32.0, -180.0, 32.0]
[-24.0, 14.0, 0.0, 104.0, -7.0, -55.0, -60.0, -180.0, -179.0, -180.0, 41.0, 26.0, 56.0, 126.0, 69.0, 174.0, -9.0, 32.0, -180.0, 32.0]
[-24.0, 14.0, 0.0, 104.0, -7.0, -55.0, -60.0, -180.0, -179.0, -180.0, 41.0, 26.0, 56.0, 126.0, 69.0, 174.0, -9.0, 32.0, -180.0, 32.0]
[-24.0, 14.0, 0.0, 104.0, -7.0, -55.0, -60.0, -180.0, -179.0, -180.0, 41.0, 26.0, 56.0, 126.0, 68.0, 174.0, -9.0, 32.0, -180.0, 32.0]
[-24.0, 14.0, 0.0, 104.0, -7.0, -55.0, -60.0, -180.0, -179.0, -180.0, 41.0, 26.0, 56.0, 126.0, 68.0, 174.0, -9.0, 32.0, -180.0, 32.0]
[-24.0, 14.0, 0.0, 104.0, -7.0, -55.0, -60.0, -180.0, -179.0, -180.0, 41.0, 26.0, 56.0, 126.0, 67.0, 174.0, -9.0, 32.0, -180.0, 32.0]
[-24.0, 14.0, 0.0, 104.0, -7.0, -54.0, -60.0, -180.0, -179.0, -180.0, 41.0, 26.0, 56.0, 126.0, 67.0, 174.0, -9.0, 32.0, -180.0, 32.0]
[-24.0, 14.0, 0.0, 104.0, -7.0, -54.0, -60.0, -180.0, -179.0, -180.0, 41.0, 26.0, 56.0, 126.0, 67.0, 174.0, -9.0, 32.0, -180.0, 32.0]
[-24.0, 14.0, 0.0, 104.0, -7.0, -55.0, -60.0, -180.0, -179.0, -180.0, 41.0, 26.0, 56.0, 126.0, 67.0, 174.0, -9.0, 32.0, -180.0, 32.0]
[-24.0, 14.0, 0.0, 104.0, -7.0, -55.0, -60.0, -180.0, -179.0, -180.0, 41.0, 26.0, 56.0, 126.0, 67.0, 174.0, -9.0, 32.0, -180.0, 32.0]
[-24.0, 14.0, 0.0, 104.0, -7.0, -55.0, -60.0, -180.0, -179.0, -180.0, 41.0, 26.0, 56.0, 126.0, 67.0, 174.0, -9.0, 32.0, -180.0, 32.0]
[-24.0, 14.0, 0.0, 104.0, -7.0, -55.0, -60.0, -180.0, -179.0, -180.0, 41.0, 26.0, 56.0, 126.0, 67.0, 174.0, -9.0, 32.0, -180.0, 32.0]
[-24.0, 14.0, 0.0, 104.0, -7.0, -55.0, -60.0, -180.0, -179.0, -180.0, 41.0, 26.0, 56.0, 126.0, 67.0, 174.0, -9.0, 32.0, -180.0, 32.0]
[-24.0, 14.0, 0.0, 104.0, -7.0, -55.0, -60.0, -180.0, -179.0, -180.0, 41.0, 26.0, 56.0, 126.0, 67.0, 174.0, -9.0, 32.0, -180.0, 32.0]
[-24.0, 14.0, 0.0, 104.0, -7.0, -54.0, -60.0, -180.0, -179.0, -180.0, 41.0, 26.0, 56.0, 126.0, 67.0, 174.0, -9.0, 32.0, -180.0, 32.0]
[-24.0, 14.0, 0.0, 104.0, -7.0, -54.0, -60.0, -180.0, -179.0, -180.0, 41.0, 26.0, 56.0, 126.0, 67.0, 174.0, -9.0, 32.0, -180.0, 32.0]
[-24.0, 14.0, 0.0, 104.0, -7.0, -54.0, -60.0, -180.0, -179.0, -180.0, 41.0, 26.0, 56.0, 126.0, 67.0, 174.0, -9.0, 32.0, -180.0, 32.0]
[-24.0, 14.0, 0.0, 104.0, -7.0, -54.0, -60.0, -180.0, -179.0, -180.0, 41.0, 26.0, 56.0, 126.0, 67.0, 174.0, -9.0, 32.0, -180.0, 32.0]
[-24.0, 14.0, 0.0, 104.0, -7.0, -54.0, -60.0, -180.0, -179.0, -180.0, 41.0, 26.0, 56.0, 126.0, 67.0, 174.0, -9.0, 32.0, -180.0, 32.0]
[-24.0, 14.0, 0.0, 104.0, -7.0, -55.0, -60.0, -180.0, -179.0, -180.0, 41.0, 26.0, 56.0, 126.0, 67.0, 174.0, -9.0, 32.0, -180.0, 32.0]
[-24.0, 14.0, 0.0, 104.0, -7.0, -54.0, -60.0, -180.0, -179.0, -180.0, 41.0, 26.0, 56.0, 126.0, 67.0, 174.0, -9.0, 32.0, -180.0, 32.0]
[-24.0, 14.0, 0.0, 104.0, -7.0, -54.0, -60.0, -180.0, -179.0, -180.0, 41.0, 26.0, 56.0, 126.0, 67.0, 174.0, -9.0, 32.0, -180.0, 32.0]
[-24.0, 14.0, 0.0, 104.0, -7.0, -55.0, -60.0, -180.0, -179.0, -180.0, 41.0, 26.0, 56.0, 126.0, 67.0, 174.0, -9.0, 32.0, -180.0, 32.0]
[-24.0, 14.0, 0.0, 104.0, -7.0, -55.0, -60.0, -180.0, -179.0, -180.0, 41.0, 26.0, 56.0, 126.0, 67.0, 174.0, -9.0, 32.0, -180.0, 32.0]
[-24.0, 14.0, 0.0, 104.0, -7.0, -55.0, -60.0, -180.0, -179.0, -180.0, 41.0, 26.0, 56.0, 126.0, 67.0, 174.0, -9.0, 32.0, -180.0, 32.0]
[-24.0, 14.0, 0.0, 104.0, -7.0, -54.0, -60.0, -180.0, -179.0, -180.0, 41.0, 26.0, 56.0, 126.0, 67.0, 174.0, -9.0, 32.0, -180.0, 32.0]
[-24.0, 14.0, 0.0, 104.0, -7.0, -55.0, -60.0, -180.0, -179.0, -180.0, 41.0, 26.0, 56.0, 126.0, 67.0, 174.0, -9.0, 32.0, -180.0, 32.0]
[-24.0, 14.0, 0.0, 104.0, -7.0, -55.0, -60.0, -180.0, -179.0, -180.0, 41.0, 26.0, 56.0, 126.0, 67.0, 174.0, -9.0, 32.0, -180.0, 32.0]
[-24.0, 14.0, 0.0, 104.0, -7.0, -55.0, -60.0, -180.0, -179.0, -180.0, 41.0, 26.0, 56.0, 126.0, 67.0, 174.0, -9.0, 32.0, -180.0, 32.0]
[-24.0, 14.0, 0.0, 104.0, -7.0, -55.0, -60.0, -180.0, -179.0, -180.0, 41.0, 26.0, 56.0, 126.0, 67.0, 174.0, -9.0, 32.0, -180.0, 32.0]
[-24.0, 14.0, 0.0, 104.0, -7.0, -55.0, -60.0, -180.0, -179.0, -180.0, 41.0, 26.0, 56.0, 126.0, 67.0, 174.0, -9.0, 32.0, -180.0, 32.0]
[-24.0, 14.0, 0.0, 104.0, -7.0, -55.0, -60.0, -180.0, -179.0, -180.0, 41.0, 26.0, 56.0, 126.0, 67.0, 174.0, -9.0, 32.0, -180.0, 32.0]
[-24.0, 14.0, 0.0, 104.0, -7.0, -55.0, -60.0, -180.0, -179.0, -180.0, 41.0, 26.0, 56.0, 126.0, 67.0, 174.0, -9.0, 32.0, -180.0, 32.0]
[-24.0, 14.0, 0.0, 104.0, -7.0, -55.0, -60.0, -180.0, -179.0, -180.0, 41.0, 26.0, 56.0, 126.0, 67.0, 174.0, -9.0, 32.0, -180.0, 32.0]
[-24.0, 14.0, 0.0, 104.0, -7.0, -55.0, -60.0, -180.0, -179.0, -180.0, 41.0, 26.0, 56.0, 126.0, 67.0, 174.0, -9.0, 32.0, -180.0, 32.0]
[-24.0, 14.0, 0.0, 104.0, -7.0, -55.0, -60.0, -180.0, -179.0, -180.0, 41.0, 26.0, 56.0, 126.0, 67.0, 174.0, -9.0, 32.0, -180.0, 32.0]
[-24.0, 14.0, 0.0, 104.0, -7.0, -55.0, -60.0, -180.0, -179.0, -180.0, 41.0, 26.0, 56.0, 126.0, 67.0, 174.0, -9.0, 32.0, -180.0, 32.0]
[-24.0, 14.0, 0.0, 104.0, -7.0, -55.0, -60.0, -180.0, -179.0, -180.0, 41.0, 26.0, 56.0, 126.0, 67.0, 174.0, -9.0, 32.0, -180.0, 32.0]
[-24.0, 14.0, 0.0, 104.0, -7.0, -54.0, -60.0, -180.0, -179.0, -180.0, 41.0, 26.0, 56.0, 126.0, 67.0, 174.0, -9.0, 32.0, -180.0, 32.0]
[-24.0, 14.0, 0.0, 104.0, -7.0, -54.0, -60.0, -180.0, -179.0, -180.0, 41.0, 26.0, 56.0, 126.0, 67.0, 174.0, -9.0, 32.0, -180.0, 32.0]
[-24.0, 14.0, 0.0, 104.0, -7.0, -54.0, -60.0, -180.0, -179.0, -180.0, 41.0, 26.0, 56.0, 126.0, 67.0, 174.0, -9.0, 32.0, -180.0, 32.0]
[-24.0, 14.0, 0.0, 104.0, -7.0, -55.0, -60.0, -180.0, -179.0, -180.0, 41.0, 26.0, 56.0, 126.0, 67.0, 174.0, -9.0, 32.0, -180.0, 32.0]
[-24.0, 14.0, 0.0, 104.0, -7.0, -55.0, -60.0, -180.0, -179.0, -180.0, 41.0, 26.0, 56.0, 126.0, 67.0, 174.0, -9.0, 32.0, -180.0, 32.0]
[-24.0, 14.0, 0.0, 104.0, -7.0, -55.0, -60.0, -180.0, -179.0, -180.0, 41.0, 25.0, 56.0, 126.0, 67.0, 174.0, -9.0, 32.0, -180.0, 32.0]
[-24.0, 14.0, 0.0, 104.0, -7.0, -55.0, -60.0, -180.0, -179.0, -180.0, 41.0, 25.0, 56.0, 126.0, 67.0, 174.0, -9.0, 32.0, -180.0, 32.0]
[-24.0, 14.0, 0.0, 104.0, -7.0, -55.0, -60.0, -180.0, -179.0, -180.0, 41.0, 26.0, 56.0, 126.0, 67.0, 174.0, -9.0, 32.0, -180.0, 32.0]
[-24.0, 14.0, 0.0, 104.0, -7.0, -54.0, -60.0, -180.0, -179.0, -180.0, 41.0, 26.0, 56.0, 126.0, 67.0, 174.0, -9.0, 32.0, -180.0, 32.0]
[-24.0, 14.0, 0.0, 104.0, -7.0, -54.0, -60.0, -180.0, -179.0, -180.0, 41.0, 26.0, 56.0, 126.0, 67.0, 174.0, -9.0, 32.0, -180.0, 32.0]
[-24.0, 14.0, 0.0, 104.0, -7.0, -55.0, -60.0, -180.0, -179.0, -180.0, 41.0, 25.0, 56.0, 126.0, 67.0, 174.0, -9.0, 32.0, -180.0, 32.0]
[-24.0, 14.0, 0.0, 104.0, -7.0, -55.0, -60.0, -180.0, -179.0, -180.0, 41.0, 25.0, 56.0, 126.0, 67.0, 174.0, -9.0, 32.0, -180.0, 32.0]
[-24.0, 14.0, 0.0, 104.0, -7.0, -55.0, -60.0, -180.0, -179.0, -180.0, 41.0, 25.0, 56.0, 126.0, 67.0, 174.0, -9.0, 32.0, -180.0, 32.0]
[-24.0, 14.0, 0.0, 104.0, -7.0, -55.0, -60.0, -180.0, -179.0, -180.0, 41.0, 25.0, 56.0, 126.0, 67.0, 174.0, -9.0, 32.0, -180.0, 32.0]
[-24.0, 14.0, 0.0, 104.0, -7.0, -55.0, -60.0, -180.0, -179.0, -180.0, 41.0, 25.0, 56.0, 126.0, 67.0, 174.0, -9.0, 32.0, -180.0, 32.0]
[-24.0, 14.0, 0.0, 104.0, -7.0, -55.0, -60.0, -180.0, -179.0, -180.0, 41.0, 25.0, 56.0, 126.0, 67.0, 174.0, -9.0, 32.0, -180.0, 32.0]
[-24.0, 14.0, 0.0, 104.0, -7.0, -55.0, -60.0, -180.0, -179.0, -180.0, 41.0, 25.0, 56.0, 126.0, 67.0, 174.0, -9.0, 32.0, -180.0, 32.0]
[-24.0, 14.0, 0.0, 104.0, -7.0, -55.0, -60.0, -180.0, -179.0, -180.0, 41.0, 25.0, 56.0, 126.0, 67.0, 174.0, -9.0, 32.0, -180.0, 32.0]
[-24.0, 14.0, 0.0, 104.0, -7.0, -55.0, -60.0, -180.0, -179.0, -180.0, 41.0, 25.0, 56.0, 126.0, 67.0, 174.0, -9.0, 32.0, -180.0, 32.0]
[-24.0, 14.0, 0.0, 104.0, -7.0, -55.0, -60.0, -180.0, -179.0, -180.0, 41.0, 25.0, 56.0, 126.0, 67.0, 174.0, -9.0, 32.0, -180.0, 32.0]
[-24.0, 14.0, 0.0, 104.0, -7.0, -55.0, -60.0, -180.0, -179.0, -180.0, 41.0, 25.0, 56.0, 126.0, 67.0, 174.0, -9.0, 32.0, -180.0, 32.0]
[-24.0, 14.0, 0.0, 104.0, -7.0, -55.0, -60.0, -180.0, -179.0, -180.0, 41.0, 25.0, 56.0, 126.0, 67.0, 174.0, -9.0, 32.0, -180.0, 32.0]
[-24.0, 14.0, 0.0, 104.0, -7.0, -55.0, -60.0, -180.0, -179.0, -180.0, 41.0, 25.0, 56.0, 126.0, 67.0, 174.0, -9.0, 32.0, -180.0, 32.0]
[-24.0, 14.0, 0.0, 104.0, -7.0, -55.0, -60.0, -180.0, -179.0, -179.0, 41.0, 25.0, 56.0, 126.0, 67.0, 174.0, -9.0, 32.0, -180.0, 32.0]
[-24.0, 14.0, 0.0, 104.0, -7.0, -55.0, -60.0, -180.0, -179.0, -179.0, 41.0, 25.0, 56.0, 126.0, 67.0, 174.0, -9.0, 32.0, -180.0, 32.0]
[-24.0, 14.0, 0.0, 104.0, -7.0, -55.0, -60.0, -180.0, -179.0, -180.0, 41.0, 25.0, 56.0, 126.0, 67.0, 174.0, -9.0, 32.0, -180.0, 32.0]
[-24.0, 14.0, 0.0, 104.0, -7.0, -55.0, -60.0, -180.0, -179.0, -180.0, 41.0, 25.0, 56.0, 126.0, 67.0, 174.0, -9.0, 32.0, -180.0, 32.0]
[-24.0, 14.0, 0.0, 104.0, -7.0, -55.0, -60.0, -180.0, -179.0, -180.0, 41.0, 25.0, 56.0, 126.0, 67.0, 174.0, -9.0, 32.0, -180.0, 32.0]
[-24.0, 14.0, 0.0, 104.0, -7.0, -55.0, -60.0, -180.0, -179.0, -180.0, 41.0, 25.0, 56.0, 126.0, 67.0, 174.0, -9.0, 32.0, -180.0, 32.0]
[-24.0, 14.0, 0.0, 104.0, -7.0, -55.0, -60.0, -180.0, -179.0, -180.0, 41.0, 25.0, 56.0, 126.0, 67.0, 174.0, -9.0, 32.0, -180.0, 32.0]
[-24.0, 14.0, 0.0, 104.0, -7.0, -55.0, -60.0, -180.0, -179.0, -180.0, 41.0, 25.0, 56.0, 126.0, 67.0, 174.0, -9.0, 32.0, -180.0, 32.0]
[-24.0, 14.0, 0.0, 104.0, -7.0, -55.0, -60.0, -180.0, -179.0, -180.0, 41.0, 25.0, 56.0, 126.0, 67.0, 174.0, -9.0, 32.0, -180.0, 32.0]
[-24.0, 14.0, 0.0, 104.0, -7.0, -55.0, -60.0, -180.0, -179.0, -180.0, 41.0, 25.0, 56.0, 126.0, 67.0, 174.0, -9.0, 32.0, -180.0, 32.0]
[-24.0, 14.0, 0.0, 104.0, -7.0, -55.0, -60.0, -180.0, -179.0, -180.0, 41.0, 25.0, 56.0, 126.0, 67.0, 174.0, -9.0, 32.0, -180.0, 32.0]
[-24.0, 14.0, 0.0, 104.0, -7.0, -55.0, -60.0, -180.0, -179.0, -180.0, 41.0, 25.0, 56.0, 126.0, 67.0, 174.0, -9.0, 32.0, -180.0, 32.0]
[-24.0, 14.0, 0.0, 104.0, -7.0, -55.0, -60.0, -180.0, -179.0, -180.0, 41.0, 25.0, 56.0, 126.0, 67.0, 174.0, -9.0, 32.0, -180.0, 32.0]
[-24.0, 14.0, 0.0, 104.0, -7.0, -55.0, -60.0, -180.0, -179.0, -180.0, 41.0, 25.0, 56.0, 126.0, 67.0, 174.0, -9.0, 32.0, -180.0, 32.0]
[-24.0, 14.0, 0.0, 104.0, -7.0, -55.0, -60.0, -180.0, -179.0, -180.0, 41.0, 25.0, 56.0, 126.0, 67.0, 174.0, -9.0, 32.0, -180.0, 32.0]
[-24.0, 14.0, 0.0, 104.0, -7.0, -55.0, -60.0, -180.0, -179.0, -180.0, 41.0, 25.0, 56.0, 126.0, 67.0, 174.0, -9.0, 32.0, -180.0, 32.0]
[-24.0, 14.0, 0.0, 104.0, -7.0, -55.0, -60.0, -180.0, -179.0, -180.0, 41.0, 25.0, 56.0, 126.0, 67.0, 174.0, -9.0, 32.0, -180.0, 32.0]
[-24.0, 14.0, 0.0, 104.0, -7.0, -55.0, -60.0, -180.0, -179.0, -180.0, 41.0, 25.0, 56.0, 126.0, 67.0, 174.0, -9.0, 32.0, -180.0, 32.0]
[-24.0, 14.0, 0.0, 104.0, -7.0, -55.0, -60.0, -180.0, -179.0, -180.0, 41.0, 25.0, 56.0, 126.0, 67.0, 174.0, -9.0, 32.0, -180.0, 32.0]
[-24.0, 14.0, 0.0, 104.0, -7.0, -55.0, -60.0, -180.0, -179.0, -180.0, 41.0, 25.0, 56.0, 126.0, 67.0, 174.0, -9.0, 32.0, -180.0, 32.0]
[-24.0, 14.0, 0.0, 104.0, -7.0, -55.0, -60.0, -180.0, -179.0, -180.0, 41.0, 25.0, 56.0, 126.0, 67.0, 174.0, -9.0, 32.0, -180.0, 32.0]
[-24.0, 14.0, 0.0, 104.0, -7.0, -55.0, -60.0, -180.0, -179.0, -180.0, 41.0, 25.0, 56.0, 126.0, 67.0, 174.0, -9.0, 32.0, -180.0, 32.0]
[-24.0, 14.0, 0.0, 104.0, -7.0, -55.0, -60.0, -180.0, -179.0, -180.0, 41.0, 25.0, 56.0, 126.0, 67.0, 174.0, -9.0, 32.0, -180.0, 32.0]
